Date
Open
High
Low
Close 
Adj Close 
Volume
Sep 24, 2025
120,800.00
121,600.00
120,600.00
121,000.00
121,000.00
11
Sep 23, 2025
121,600.00
122,400.00
120,200.00
120,800.00
120,800.00
72
Sep 22, 2025
123,000.00
123,200.00
121,200.00
121,200.00
121,200.00
83
Sep 19, 2025
120,800.00
123,000.00
120,000.00
123,000.00
123,000.00
397
Sep 18, 2025
120,800.00
122,400.00
120,800.00
121,800.00
121,800.00
104
Sep 17, 2025
121,200.00
122,400.00
120,200.00
120,200.00
120,200.00
61
Sep 16, 2025
124,000.00
124,000.00
121,200.00
121,200.00
121,200.00
67
Sep 15, 2025
124,800.00
124,800.00
123,200.00
124,400.00
124,400.00
89
Sep 12, 2025
125,000.00
125,800.00
124,200.00
124,800.00
124,800.00
55
Sep 11, 2025
125,000.00
125,400.00
124,200.00
124,600.00
124,600.00
52
Sep 10, 2025
125,200.00
126,000.00
124,000.00
124,600.00
124,600.00
90
Sep 9, 2025
125,200.00
125,200.00
124,200.00
125,200.00
125,200.00
93
Sep 8, 2025
124,600.00
125,000.00
123,800.00
124,400.00
124,400.00
90
Sep 5, 2025
123,200.00
125,000.00
123,200.00
124,600.00
124,600.00
96
Sep 4, 2025
123,000.00
125,000.00
122,800.00
123,400.00
123,400.00
106
Sep 3, 2025
119,400.00
122,400.00
119,400.00
122,400.00
122,400.00
119
Sep 2, 2025
120,000.00
120,000.00
117,600.00
119,800.00
119,800.00
146
Sep 1, 2025
119,400.00
120,600.00
119,400.00
120,200.00
120,200.00
79
Aug 29, 2025
119,000.00
119,800.00
118,200.00
119,800.00
119,800.00
95
Aug 28, 2025
119,200.00
119,400.00
117,600.00
119,000.00
119,000.00
107
Aug 27, 2025
117,400.00
119,200.00
117,400.00
118,600.00
118,600.00
89
Aug 26, 2025
117,000.00
119,400.00
117,000.00
118,200.00
118,200.00
246
Aug 25, 2025
117,200.00
119,400.00
117,200.00
117,400.00
117,400.00
85